4.000000000000000000e+02, 3.960000000000000000e+02
4.000000000000000000e+02, 3.888000000000000114e+02
4.000000000000000000e+02, 3.960000000000000000e+02
4.000000000000000000e+02, 4.031999999999999886e+02
4.000000000000000000e+02, 3.888000000000000114e+02
4.000000000000000000e+02, 4.031999999999999886e+02
4.000000000000000000e+02, 3.960000000000000000e+02
4.000000000000000000e+02, 3.960000000000000000e+02
4.000000000000000000e+02, 3.960000000000000000e+02
4.000000000000000000e+02, 3.960000000000000000e+02
4.000000000000000000e+02, 3.888000000000000114e+02
4.000000000000000000e+02, 3.888000000000000114e+02
4.000000000000000000e+02, 3.960000000000000000e+02
4.000000000000000000e+02, 3.888000000000000114e+02
4.000000000000000000e+02, 4.031999999999999886e+02
4.000000000000000000e+02, 3.960000000000000000e+02
4.000000000000000000e+02, 4.031999999999999886e+02
4.000000000000000000e+02, 4.103999999999999773e+02
4.000000000000000000e+02, 4.031999999999999886e+02
4.000000000000000000e+02, 3.960000000000000000e+02
5.000000000000000000e+02, 4.968000000000000114e+02
5.000000000000000000e+02, 5.040000000000000000e+02
5.000000000000000000e+02, 4.968000000000000114e+02
5.000000000000000000e+02, 4.896000000000000227e+02
5.000000000000000000e+02, 5.040000000000000000e+02
5.000000000000000000e+02, 4.896000000000000227e+02
5.000000000000000000e+02, 4.968000000000000114e+02
5.000000000000000000e+02, 4.968000000000000114e+02
5.000000000000000000e+02, 5.040000000000000000e+02
5.000000000000000000e+02, 5.040000000000000000e+02
5.000000000000000000e+02, 4.968000000000000114e+02
5.000000000000000000e+02, 5.111999999999999886e+02
5.000000000000000000e+02, 5.111999999999999886e+02
5.000000000000000000e+02, 4.896000000000000227e+02
5.000000000000000000e+02, 4.968000000000000114e+02
5.000000000000000000e+02, 4.968000000000000114e+02
5.000000000000000000e+02, 5.040000000000000000e+02
5.000000000000000000e+02, 5.040000000000000000e+02
5.000000000000000000e+02, 5.040000000000000000e+02
5.000000000000000000e+02, 5.040000000000000000e+02
6.000000000000000000e+02, 5.976000000000000227e+02
6.000000000000000000e+02, 5.976000000000000227e+02
6.000000000000000000e+02, 5.976000000000000227e+02
6.000000000000000000e+02, 5.976000000000000227e+02
6.000000000000000000e+02, 6.047999999999999545e+02
6.000000000000000000e+02, 5.903999999999999773e+02
6.000000000000000000e+02, 6.047999999999999545e+02
6.000000000000000000e+02, 6.047999999999999545e+02
6.000000000000000000e+02, 6.047999999999999545e+02
6.000000000000000000e+02, 5.976000000000000227e+02
6.000000000000000000e+02, 6.047999999999999545e+02
6.000000000000000000e+02, 5.832000000000000455e+02
6.000000000000000000e+02, 5.832000000000000455e+02
6.000000000000000000e+02, 5.976000000000000227e+02
6.000000000000000000e+02, 5.976000000000000227e+02
6.000000000000000000e+02, 5.976000000000000227e+02
6.000000000000000000e+02, 5.903999999999999773e+02
6.000000000000000000e+02, 5.903999999999999773e+02
6.000000000000000000e+02, 5.903999999999999773e+02
6.000000000000000000e+02, 6.047999999999999545e+02
7.000000000000000000e+02, 7.127999999999999545e+02
7.000000000000000000e+02, 6.983999999999999773e+02
7.000000000000000000e+02, 7.056000000000000227e+02
7.000000000000000000e+02, 6.983999999999999773e+02
7.000000000000000000e+02, 6.912000000000000455e+02
7.000000000000000000e+02, 6.983999999999999773e+02
7.000000000000000000e+02, 7.056000000000000227e+02
7.000000000000000000e+02, 6.983999999999999773e+02
7.000000000000000000e+02, 7.056000000000000227e+02
7.000000000000000000e+02, 7.127999999999999545e+02
7.000000000000000000e+02, 7.056000000000000227e+02
7.000000000000000000e+02, 7.127999999999999545e+02
7.000000000000000000e+02, 6.912000000000000455e+02
7.000000000000000000e+02, 7.056000000000000227e+02
7.000000000000000000e+02, 6.912000000000000455e+02
7.000000000000000000e+02, 6.983999999999999773e+02
7.000000000000000000e+02, 7.056000000000000227e+02
7.000000000000000000e+02, 6.983999999999999773e+02
7.000000000000000000e+02, 6.983999999999999773e+02
7.000000000000000000e+02, 7.056000000000000227e+02
8.000000000000000000e+02, 7.992000000000000455e+02
8.000000000000000000e+02, 7.920000000000000000e+02
8.000000000000000000e+02, 8.136000000000000227e+02
8.000000000000000000e+02, 7.776000000000000227e+02
8.000000000000000000e+02, 7.992000000000000455e+02
8.000000000000000000e+02, 7.920000000000000000e+02
8.000000000000000000e+02, 7.992000000000000455e+02
8.000000000000000000e+02, 7.992000000000000455e+02
8.000000000000000000e+02, 7.992000000000000455e+02
8.000000000000000000e+02, 7.992000000000000455e+02
8.000000000000000000e+02, 7.992000000000000455e+02
8.000000000000000000e+02, 7.920000000000000000e+02
8.000000000000000000e+02, 8.136000000000000227e+02
8.000000000000000000e+02, 7.992000000000000455e+02
8.000000000000000000e+02, 7.847999999999999545e+02
8.000000000000000000e+02, 8.136000000000000227e+02
8.000000000000000000e+02, 7.992000000000000455e+02
8.000000000000000000e+02, 3.337748344370860991e+02
8.000000000000000000e+02, 7.992000000000000455e+02
8.000000000000000000e+02, 7.920000000000000000e+02
9.000000000000000000e+02, 9.072000000000000455e+02
9.000000000000000000e+02, 8.927999999999999545e+02
9.000000000000000000e+02, 9.072000000000000455e+02
9.000000000000000000e+02, 9.072000000000000455e+02
9.000000000000000000e+02, 8.567999999999999545e+02
9.000000000000000000e+02, 9.000000000000000000e+02
9.000000000000000000e+02, 8.856000000000000227e+02
9.000000000000000000e+02, 9.072000000000000455e+02
9.000000000000000000e+02, 8.927999999999999545e+02
9.000000000000000000e+02, 9.000000000000000000e+02
9.000000000000000000e+02, 9.000000000000000000e+02
9.000000000000000000e+02, 9.000000000000000000e+02
9.000000000000000000e+02, 9.216000000000000227e+02
9.000000000000000000e+02, 8.927999999999999545e+02
9.000000000000000000e+02, 9.000000000000000000e+02
9.000000000000000000e+02, 9.000000000000000000e+02
9.000000000000000000e+02, 8.927999999999999545e+02
9.000000000000000000e+02, 9.072000000000000455e+02
9.000000000000000000e+02, 8.712000000000000455e+02
9.000000000000000000e+02, 9.000000000000000000e+02
1.000000000000000000e+03, 1.015200000000000045e+03
1.000000000000000000e+03, 1.008000000000000000e+03
1.000000000000000000e+03, 9.936000000000000227e+02
1.000000000000000000e+03, 9.936000000000000227e+02
1.000000000000000000e+03, 1.000799999999999955e+03
1.000000000000000000e+03, 1.008000000000000000e+03
1.000000000000000000e+03, 1.000799999999999955e+03
1.000000000000000000e+03, 7.416000000000000227e+02
1.000000000000000000e+03, 1.008000000000000000e+03
1.000000000000000000e+03, 7.200000000000000000e+01
1.000000000000000000e+03, 1.015200000000000045e+03
1.000000000000000000e+03, 1.000799999999999955e+03
1.000000000000000000e+03, 1.000799999999999955e+03
1.000000000000000000e+03, 1.015200000000000045e+03
1.000000000000000000e+03, 1.000799999999999955e+03
1.000000000000000000e+03, 1.008000000000000000e+03
1.000000000000000000e+03, 9.936000000000000227e+02
1.000000000000000000e+03, 1.036799999999999955e+03
1.000000000000000000e+03, 9.936000000000000227e+02
1.000000000000000000e+03, 9.936000000000000227e+02
1.100000000000000000e+03, 1.094400000000000091e+03
1.100000000000000000e+03, 1.108799999999999955e+03
1.100000000000000000e+03, 1.058400000000000091e+03
1.100000000000000000e+03, 1.108799999999999955e+03
1.100000000000000000e+03, 1.058400000000000091e+03
1.100000000000000000e+03, 1.108799999999999955e+03
1.100000000000000000e+03, 1.094400000000000091e+03
1.100000000000000000e+03, 1.072799999999999955e+03
1.100000000000000000e+03, 1.094400000000000091e+03
1.100000000000000000e+03, 8.783999999999999773e+02
1.100000000000000000e+03, 1.094400000000000091e+03
1.100000000000000000e+03, 1.087200000000000045e+03
1.100000000000000000e+03, 1.080000000000000000e+03
1.100000000000000000e+03, 1.123200000000000045e+03
1.100000000000000000e+03, 1.094400000000000091e+03
1.100000000000000000e+03, 1.101599999999999909e+03
1.100000000000000000e+03, 1.080000000000000000e+03
1.100000000000000000e+03, 1.101599999999999909e+03
1.100000000000000000e+03, 1.087200000000000045e+03
1.100000000000000000e+03, 9.456716417910447490e+02
1.200000000000000000e+03, 1.202400000000000091e+03
1.200000000000000000e+03, 1.231200000000000045e+03
1.200000000000000000e+03, 1.188000000000000000e+03
1.200000000000000000e+03, 1.202400000000000091e+03
1.200000000000000000e+03, 1.224000000000000000e+03
1.200000000000000000e+03, 1.195200000000000045e+03
1.200000000000000000e+03, 1.195200000000000045e+03
1.200000000000000000e+03, 9.863013698630137469e+02
1.200000000000000000e+03, 1.195200000000000045e+03
1.200000000000000000e+03, 1.137599999999999909e+03
1.200000000000000000e+03, 1.043149606299212564e+03
1.200000000000000000e+03, 1.202400000000000091e+03
1.200000000000000000e+03, 1.209599999999999909e+03
1.200000000000000000e+03, 1.209599999999999909e+03
1.200000000000000000e+03, 1.195200000000000045e+03
1.200000000000000000e+03, 1.195200000000000045e+03
1.200000000000000000e+03, 1.188000000000000000e+03
1.200000000000000000e+03, 1.195200000000000045e+03
1.200000000000000000e+03, 1.195200000000000045e+03
1.200000000000000000e+03, 1.216799999999999955e+03
1.300000000000000000e+03, 1.303200000000000045e+03
1.300000000000000000e+03, 1.296000000000000000e+03
1.300000000000000000e+03, 1.317599999999999909e+03
1.300000000000000000e+03, 1.296000000000000000e+03
1.300000000000000000e+03, 1.296000000000000000e+03
1.300000000000000000e+03, 1.310400000000000091e+03
1.300000000000000000e+03, 1.288799999999999955e+03
1.300000000000000000e+03, 1.281599999999999909e+03
1.300000000000000000e+03, 1.034730538922155802e+03
1.300000000000000000e+03, 9.360000000000000000e+02
1.300000000000000000e+03, 1.288799999999999955e+03
1.300000000000000000e+03, 1.288799999999999955e+03
1.300000000000000000e+03, 1.317599999999999909e+03
1.300000000000000000e+03, 1.288799999999999955e+03
1.300000000000000000e+03, 1.288799999999999955e+03
1.300000000000000000e+03, 1.288799999999999955e+03
1.300000000000000000e+03, 1.310400000000000091e+03
1.300000000000000000e+03, 1.172093023255813932e+03
1.300000000000000000e+03, 1.296000000000000000e+03
1.300000000000000000e+03, 1.065599999999999909e+03
1.400000000000000000e+03, 1.404000000000000000e+03
1.400000000000000000e+03, 1.411200000000000045e+03
1.400000000000000000e+03, 1.411200000000000045e+03
1.400000000000000000e+03, 1.425599999999999909e+03
1.400000000000000000e+03, 1.404000000000000000e+03
1.400000000000000000e+03, 1.084235294117647072e+03
1.400000000000000000e+03, 1.375200000000000045e+03
1.400000000000000000e+03, 1.044000000000000000e+03
1.400000000000000000e+03, 1.404000000000000000e+03
1.400000000000000000e+03, 1.411200000000000045e+03
1.400000000000000000e+03, 1.396799999999999955e+03
1.400000000000000000e+03, 0.000000000000000000e+00
1.400000000000000000e+03, 1.375200000000000045e+03
1.400000000000000000e+03, 1.360799999999999955e+03
1.400000000000000000e+03, 1.036799999999999955e+03
1.400000000000000000e+03, 1.411200000000000045e+03
1.400000000000000000e+03, 1.036799999999999955e+03
1.400000000000000000e+03, 1.015200000000000045e+03
1.400000000000000000e+03, 9.576000000000000227e+02
1.400000000000000000e+03, 1.404000000000000000e+03
1.500000000000000000e+03, 1.526400000000000091e+03
1.500000000000000000e+03, 1.180799999999999955e+03
1.500000000000000000e+03, 1.180799999999999955e+03
1.500000000000000000e+03, 1.476000000000000000e+03
1.500000000000000000e+03, 1.440000000000000000e+03
1.500000000000000000e+03, 8.349249658935880234e+02
1.500000000000000000e+03, 1.490400000000000091e+03
1.500000000000000000e+03, 1.526400000000000091e+03
1.500000000000000000e+03, 1.080000000000000000e+03
1.500000000000000000e+03, 1.476000000000000000e+03
1.500000000000000000e+03, 5.806451612903225623e+02
1.500000000000000000e+03, 1.490400000000000091e+03
1.500000000000000000e+03, 1.504799999999999955e+03
1.500000000000000000e+03, 1.432799999999999955e+03
1.500000000000000000e+03, 6.337662337662337677e+02
1.500000000000000000e+03, 1.490400000000000091e+03
1.500000000000000000e+03, 1.057063711911357359e+03
1.500000000000000000e+03, 1.490400000000000091e+03
1.500000000000000000e+03, 1.166400000000000091e+03
1.500000000000000000e+03, 1.094400000000000091e+03
1.600000000000000000e+03, 1.245599999999999909e+03
1.600000000000000000e+03, 9.089361702127660010e+02
1.600000000000000000e+03, 1.605599999999999909e+03
1.600000000000000000e+03, 1.231200000000000045e+03
1.600000000000000000e+03, 7.735537190082644656e+02
1.600000000000000000e+03, 1.209599999999999909e+03
1.600000000000000000e+03, 1.332000000000000000e+03
1.600000000000000000e+03, 1.281599999999999909e+03
1.600000000000000000e+03, 9.419689119170984668e+02
1.600000000000000000e+03, 7.854545454545454959e+02
1.600000000000000000e+03, 1.202400000000000091e+03
1.600000000000000000e+03, 1.296000000000000000e+03
1.600000000000000000e+03, 1.251063829787233999e+03
1.600000000000000000e+03, 1.072799999999999955e+03
1.600000000000000000e+03, 1.627200000000000045e+03
1.600000000000000000e+03, 9.501210653753026918e+02
1.600000000000000000e+03, 1.274400000000000091e+03
1.600000000000000000e+03, 7.061295971978984198e+02
1.600000000000000000e+03, 6.505133470225872543e+02
1.600000000000000000e+03, 1.411200000000000045e+03
1.700000000000000000e+03, 6.981818181818181301e+02
1.700000000000000000e+03, 1.205466970387243691e+03
1.700000000000000000e+03, 1.141915550978372721e+03
1.700000000000000000e+03, 1.281599999999999909e+03
1.700000000000000000e+03, 6.389610389610389802e+02
1.700000000000000000e+03, 1.137599999999999909e+03
1.700000000000000000e+03, 1.375200000000000045e+03
1.700000000000000000e+03, 8.357142857142856656e+02
1.700000000000000000e+03, 7.329341317365269788e+02
1.700000000000000000e+03, 1.073170731707317145e+03
1.700000000000000000e+03, 1.173279352226720675e+03
1.700000000000000000e+03, 1.111057108140947776e+03
1.700000000000000000e+03, 1.035294117647058783e+03
1.700000000000000000e+03, 1.245599999999999909e+03
1.700000000000000000e+03, 1.173599999999999909e+03
1.700000000000000000e+03, 1.375200000000000045e+03
1.700000000000000000e+03, 1.382400000000000091e+03
1.700000000000000000e+03, 9.794500723589001154e+02
1.700000000000000000e+03, 5.725301204819277245e+02
1.700000000000000000e+03, 3.733333333333333144e+02
1.800000000000000000e+03, 9.336099585062240749e+02
1.800000000000000000e+03, 1.075200000000000045e+03
1.800000000000000000e+03, 1.153684210526315837e+03
1.800000000000000000e+03, 1.427450980392156907e+03
1.800000000000000000e+03, 1.157556270096463095e+03
1.800000000000000000e+03, 1.015053763440860166e+03
1.800000000000000000e+03, 1.113216957605985044e+03
1.800000000000000000e+03, 1.296000000000000000e+03
1.800000000000000000e+03, 1.349544072948328221e+03
1.800000000000000000e+03, 1.310400000000000091e+03
1.800000000000000000e+03, 1.468799999999999955e+03
1.800000000000000000e+03, 1.074074074074074133e+03
1.800000000000000000e+03, 1.072799999999999955e+03
1.800000000000000000e+03, 9.027522935779816180e+02
1.800000000000000000e+03, 8.346020761245674748e+02
1.800000000000000000e+03, 1.198531211750306056e+03
1.800000000000000000e+03, 7.623529411764706083e+02
1.800000000000000000e+03, 8.096385542168674192e+02
1.800000000000000000e+03, 9.150837988826815490e+02
1.800000000000000000e+03, 1.024650571791613629e+03
1.900000000000000000e+03, 8.587155963302752752e+02
1.900000000000000000e+03, 1.030042918454935716e+03
1.900000000000000000e+03, 6.260869565217391397e+01
1.900000000000000000e+03, 1.176183206106870330e+03
1.900000000000000000e+03, 1.476000000000000000e+03
1.900000000000000000e+03, 1.162500000000000000e+03
1.900000000000000000e+03, 1.296000000000000000e+03
1.900000000000000000e+03, 6.224299065420560737e+02
1.900000000000000000e+03, 1.108799999999999955e+03
1.900000000000000000e+03, 6.953271028037382848e+02
1.900000000000000000e+03, 8.013490725126475809e+02
1.900000000000000000e+03, 1.454400000000000091e+03
1.900000000000000000e+03, 1.091191709844559682e+03
1.900000000000000000e+03, 1.440000000000000000e+03
1.900000000000000000e+03, 7.859649122807018102e+02
1.900000000000000000e+03, 1.116455696202531726e+03
1.900000000000000000e+03, 7.865546218487395436e+02
1.900000000000000000e+03, 9.016574585635358972e+02
1.900000000000000000e+03, 1.255708908406524415e+03
1.900000000000000000e+03, 1.164853556485355739e+03
2.000000000000000000e+03, 9.039881831610044856e+02
2.000000000000000000e+03, 1.192429022082018946e+03
2.000000000000000000e+03, 8.617760617760617379e+02
2.000000000000000000e+03, 1.176755447941888633e+03
2.000000000000000000e+03, 7.467710371819961210e+02
2.000000000000000000e+03, 1.007757166947723476e+03
2.000000000000000000e+03, 9.196638655462185170e+02
2.000000000000000000e+03, 7.578947368421053170e+02
2.000000000000000000e+03, 9.658536585365853853e+02
2.000000000000000000e+03, 8.640000000000000000e+02
2.000000000000000000e+03, 1.368000000000000000e+03
2.000000000000000000e+03, 1.569599999999999909e+03
2.000000000000000000e+03, 1.129411764705882433e+03
2.000000000000000000e+03, 1.317599999999999909e+03
2.000000000000000000e+03, 1.086445012787723726e+03
2.000000000000000000e+03, 9.857142857142856656e+02
2.000000000000000000e+03, 6.676363636363636260e+02
2.000000000000000000e+03, 1.007407407407407391e+03
2.000000000000000000e+03, 9.720000000000000000e+02
2.000000000000000000e+03, 1.555200000000000045e+03
2.100000000000000000e+03, 7.090909090909091219e+02
2.100000000000000000e+03, 5.975103734439834398e+02
2.100000000000000000e+03, 8.981891348088531686e+02
2.100000000000000000e+03, 9.993442622950819896e+02
2.100000000000000000e+03, 1.160485268630849305e+03
2.100000000000000000e+03, 8.061776061776062079e+02
2.100000000000000000e+03, 9.163636363636363740e+02
2.100000000000000000e+03, 8.787401574803149060e+02
2.100000000000000000e+03, 9.435257410296411535e+02
2.100000000000000000e+03, 1.529699666295884299e+03
2.100000000000000000e+03, 9.496932515337423411e+02
2.100000000000000000e+03, 8.207253886010362294e+02
2.100000000000000000e+03, 1.012363636363636374e+03
2.100000000000000000e+03, 8.462427745664739405e+02
2.100000000000000000e+03, 1.497106109324758791e+03
2.100000000000000000e+03, 9.478060046189376635e+02
2.100000000000000000e+03, 9.943427620632279513e+02
2.100000000000000000e+03, 6.631578947368420813e+02
2.100000000000000000e+03, 8.746666666666666288e+02
2.100000000000000000e+03, 5.743589743589743648e+02
2.200000000000000000e+03, 8.873239436619718390e+02
2.200000000000000000e+03, 7.578947368421053170e+02
2.200000000000000000e+03, 6.117647058823529278e+02
2.200000000000000000e+03, 8.984615384615384528e+02
2.200000000000000000e+03, 8.455045871559633497e+02
2.200000000000000000e+03, 6.545454545454545041e+02
2.200000000000000000e+03, 8.121951219512195621e+02
2.200000000000000000e+03, 1.218331374853114085e+03
2.200000000000000000e+03, 1.202400000000000091e+03
2.200000000000000000e+03, 1.238400000000000091e+03
2.200000000000000000e+03, 8.283185840707964189e+02
2.200000000000000000e+03, 5.760000000000000000e+02
2.200000000000000000e+03, 1.043758389261744924e+03
2.200000000000000000e+03, 1.055421686746987916e+03
2.200000000000000000e+03, 9.834146341463414274e+02
2.200000000000000000e+03, 9.694402420574886037e+02
2.200000000000000000e+03, 9.033707865168539684e+02
2.200000000000000000e+03, 1.039304347826086996e+03
2.200000000000000000e+03, 7.628252788104089177e+02
2.200000000000000000e+03, 9.211764705882352473e+02
2.300000000000000000e+03, 1.137599999999999909e+03
2.300000000000000000e+03, 0.000000000000000000e+00
2.300000000000000000e+03, 7.220055710306406809e+02
2.300000000000000000e+03, 7.699812382739212353e+02
2.300000000000000000e+03, 1.418400000000000091e+03
2.300000000000000000e+03, 8.352000000000000455e+02
2.300000000000000000e+03, 5.917808219178082254e+02
2.300000000000000000e+03, 7.761467889908257121e+02
2.300000000000000000e+03, 8.035010940919037239e+02
2.300000000000000000e+03, 9.234200743494424160e+02
2.300000000000000000e+03, 5.958620689655172100e+02
2.300000000000000000e+03, 8.428571428571428896e+02
2.300000000000000000e+03, 9.981515711645101874e+02
2.300000000000000000e+03, 8.511182108626197760e+02
2.300000000000000000e+03, 1.056690647482014356e+03
2.300000000000000000e+03, 7.172413793103448825e+02
2.300000000000000000e+03, 9.535508637236084724e+02
2.300000000000000000e+03, 9.300911854103343330e+02
2.300000000000000000e+03, 6.801302931596090957e+02
2.300000000000000000e+03, 1.360799999999999955e+03
2.400000000000000000e+03, 1.332000000000000000e+03
2.400000000000000000e+03, 7.675906183368870188e+02
2.400000000000000000e+03, 1.066666666666666742e+03
2.400000000000000000e+03, 1.009870129870129858e+03
2.400000000000000000e+03, 8.462151394422310204e+02
2.400000000000000000e+03, 1.126956521739130494e+03
2.400000000000000000e+03, 1.296000000000000000e+03
2.400000000000000000e+03, 7.494423791821561736e+02
2.400000000000000000e+03, 1.106086956521739239e+03
2.400000000000000000e+03, 1.195200000000000045e+03
2.400000000000000000e+03, 0.000000000000000000e+00
2.400000000000000000e+03, 8.359550561797752835e+02
2.400000000000000000e+03, 1.123200000000000045e+03
2.400000000000000000e+03, 7.758034026465028319e+02
2.400000000000000000e+03, 1.360799999999999955e+03
2.400000000000000000e+03, 9.298892988929889043e+02
2.400000000000000000e+03, 5.818181818181818699e+02
2.400000000000000000e+03, 7.175257731958762406e+02
2.400000000000000000e+03, 1.310400000000000091e+03
2.400000000000000000e+03, 1.245599999999999909e+03
